{
 "cells": [
  {
   "cell_type": "code",
   "execution_count": 9,
   "metadata": {},
   "outputs": [],
   "source": [
    "import numpy as np\n",
    "\n",
    "def disp(lista):\n",
    "    n = len(lista) - 1\n",
    "    summ = 0\n",
    "    for i in lista:\n",
    "        summ += (i - np.mean(lista))**2\n",
    "    return summ / n\n",
    "\n",
    "def disp_n_c(lista):\n",
    "    n = len(lista)\n",
    "    summ = 0\n",
    "    for i in lista:\n",
    "        summ += (i - np.mean(lista))**2\n",
    "    return summ / n"
   ]
  },
  {
   "cell_type": "code",
   "execution_count": 12,
   "metadata": {},
   "outputs": [
    {
     "data": {
      "text/plain": [
       "238.47619047619048"
      ]
     },
     "execution_count": 12,
     "metadata": {},
     "output_type": "execute_result"
    }
   ],
   "source": [
    "math = [20, 23, 29, 22, 50, 43, 35]\n",
    "# disp(math)\n",
    "rus = [75, 65, 58, 90, 45, 57, 50]\n",
    "disp(rus)"
   ]
  },
  {
   "cell_type": "code",
   "execution_count": 30,
   "metadata": {},
   "outputs": [
    {
     "data": {
      "text/plain": [
       "15.442674330445179"
      ]
     },
     "execution_count": 30,
     "metadata": {},
     "output_type": "execute_result"
    }
   ],
   "source": [
    "np.std(rus, ddof=1)"
   ]
  },
  {
   "cell_type": "code",
   "execution_count": 31,
   "metadata": {},
   "outputs": [
    {
     "data": {
      "text/plain": [
       "14.297138289367775"
      ]
     },
     "execution_count": 31,
     "metadata": {},
     "output_type": "execute_result"
    }
   ],
   "source": [
    "np.std(rus)"
   ]
  },
  {
   "cell_type": "code",
   "execution_count": 23,
   "metadata": {},
   "outputs": [],
   "source": [
    "import pandas as pd\n",
    "notes_df = pd.DataFrame(np.array(notes).T)"
   ]
  },
  {
   "cell_type": "code",
   "execution_count": 25,
   "metadata": {},
   "outputs": [
    {
     "data": {
      "text/html": [
       "<div>\n",
       "<style scoped>\n",
       "    .dataframe tbody tr th:only-of-type {\n",
       "        vertical-align: middle;\n",
       "    }\n",
       "\n",
       "    .dataframe tbody tr th {\n",
       "        vertical-align: top;\n",
       "    }\n",
       "\n",
       "    .dataframe thead th {\n",
       "        text-align: right;\n",
       "    }\n",
       "</style>\n",
       "<table border=\"1\" class=\"dataframe\">\n",
       "  <thead>\n",
       "    <tr style=\"text-align: right;\">\n",
       "      <th></th>\n",
       "      <th>0</th>\n",
       "      <th>1</th>\n",
       "    </tr>\n",
       "  </thead>\n",
       "  <tbody>\n",
       "    <tr>\n",
       "      <th>0</th>\n",
       "      <td>1.000000</td>\n",
       "      <td>-0.797284</td>\n",
       "    </tr>\n",
       "    <tr>\n",
       "      <th>1</th>\n",
       "      <td>-0.797284</td>\n",
       "      <td>1.000000</td>\n",
       "    </tr>\n",
       "  </tbody>\n",
       "</table>\n",
       "</div>"
      ],
      "text/plain": [
       "          0         1\n",
       "0  1.000000 -0.797284\n",
       "1 -0.797284  1.000000"
      ]
     },
     "execution_count": 25,
     "metadata": {},
     "output_type": "execute_result"
    }
   ],
   "source": [
    "notes_df.corr()"
   ]
  },
  {
   "cell_type": "code",
   "execution_count": 32,
   "metadata": {},
   "outputs": [],
   "source": [
    "# Diabet"
   ]
  },
  {
   "cell_type": "code",
   "execution_count": 33,
   "metadata": {},
   "outputs": [],
   "source": [
    "df = pd.read_csv('framingham.csv')"
   ]
  },
  {
   "cell_type": "code",
   "execution_count": 36,
   "metadata": {},
   "outputs": [
    {
     "name": "stdout",
     "output_type": "stream",
     "text": [
      "<class 'pandas.core.frame.DataFrame'>\n",
      "RangeIndex: 4240 entries, 0 to 4239\n",
      "Data columns (total 16 columns):\n",
      "male               4240 non-null int64\n",
      "age                4240 non-null int64\n",
      "education          4135 non-null float64\n",
      "currentSmoker      4240 non-null int64\n",
      "cigsPerDay         4211 non-null float64\n",
      "BPMeds             4187 non-null float64\n",
      "prevalentStroke    4240 non-null int64\n",
      "prevalentHyp       4240 non-null int64\n",
      "diabetes           4240 non-null int64\n",
      "totChol            4190 non-null float64\n",
      "sysBP              4240 non-null float64\n",
      "diaBP              4240 non-null float64\n",
      "BMI                4221 non-null float64\n",
      "heartRate          4239 non-null float64\n",
      "glucose            3852 non-null float64\n",
      "TenYearCHD         4240 non-null int64\n",
      "dtypes: float64(9), int64(7)\n",
      "memory usage: 530.1 KB\n"
     ]
    }
   ],
   "source": [
    "df.info()"
   ]
  },
  {
   "cell_type": "code",
   "execution_count": 39,
   "metadata": {},
   "outputs": [],
   "source": [
    "df.dropna(axis=0, inplace=True)"
   ]
  },
  {
   "cell_type": "code",
   "execution_count": 43,
   "metadata": {},
   "outputs": [
    {
     "data": {
      "text/plain": [
       "0    0.972936\n",
       "1    0.027064\n",
       "Name: diabetes, dtype: float64"
      ]
     },
     "execution_count": 43,
     "metadata": {},
     "output_type": "execute_result"
    }
   ],
   "source": [
    "df['diabetes'].value_counts(normalize = True) "
   ]
  },
  {
   "cell_type": "code",
   "execution_count": 44,
   "metadata": {},
   "outputs": [],
   "source": [
    "diabet_group = df.groupby('diabetes')"
   ]
  },
  {
   "cell_type": "code",
   "execution_count": 45,
   "metadata": {},
   "outputs": [
    {
     "data": {
      "text/plain": [
       "diabetes  TenYearCHD\n",
       "0         0             0.853330\n",
       "          1             0.146670\n",
       "1         0             0.646465\n",
       "          1             0.353535\n",
       "Name: TenYearCHD, dtype: float64"
      ]
     },
     "execution_count": 45,
     "metadata": {},
     "output_type": "execute_result"
    }
   ],
   "source": [
    "diabet_group['TenYearCHD'].value_counts(normalize = True)"
   ]
  },
  {
   "cell_type": "code",
   "execution_count": 46,
   "metadata": {},
   "outputs": [],
   "source": [
    "chd_group = df.groupby('TenYearCHD')"
   ]
  },
  {
   "cell_type": "code",
   "execution_count": 47,
   "metadata": {},
   "outputs": [
    {
     "data": {
      "text/plain": [
       "TenYearCHD  diabetes\n",
       "0           0           0.979361\n",
       "            1           0.020639\n",
       "1           0           0.937163\n",
       "            1           0.062837\n",
       "Name: diabetes, dtype: float64"
      ]
     },
     "execution_count": 47,
     "metadata": {},
     "output_type": "execute_result"
    }
   ],
   "source": [
    "chd_group['diabetes'].value_counts(normalize=True)"
   ]
  },
  {
   "cell_type": "code",
   "execution_count": 55,
   "metadata": {},
   "outputs": [
    {
     "data": {
      "text/plain": [
       "count     99.000000\n",
       "mean     145.949495\n",
       "std       28.492077\n",
       "min       85.500000\n",
       "25%      127.250000\n",
       "50%      142.000000\n",
       "75%      159.750000\n",
       "max      215.000000\n",
       "Name: 1, dtype: float64"
      ]
     },
     "execution_count": 55,
     "metadata": {},
     "output_type": "execute_result"
    }
   ],
   "source": [
    "diabet_group.describe().T[1]['sysBP']"
   ]
  },
  {
   "cell_type": "code",
   "execution_count": 58,
   "metadata": {},
   "outputs": [
    {
     "data": {
      "text/html": [
       "<div>\n",
       "<style scoped>\n",
       "    .dataframe tbody tr th:only-of-type {\n",
       "        vertical-align: middle;\n",
       "    }\n",
       "\n",
       "    .dataframe tbody tr th {\n",
       "        vertical-align: top;\n",
       "    }\n",
       "\n",
       "    .dataframe thead th {\n",
       "        text-align: right;\n",
       "    }\n",
       "</style>\n",
       "<table border=\"1\" class=\"dataframe\">\n",
       "  <thead>\n",
       "    <tr style=\"text-align: right;\">\n",
       "      <th></th>\n",
       "      <th></th>\n",
       "      <th>male</th>\n",
       "      <th>age</th>\n",
       "      <th>education</th>\n",
       "      <th>currentSmoker</th>\n",
       "      <th>cigsPerDay</th>\n",
       "      <th>BPMeds</th>\n",
       "      <th>prevalentStroke</th>\n",
       "      <th>prevalentHyp</th>\n",
       "      <th>diabetes</th>\n",
       "      <th>totChol</th>\n",
       "      <th>sysBP</th>\n",
       "      <th>diaBP</th>\n",
       "      <th>BMI</th>\n",
       "      <th>heartRate</th>\n",
       "      <th>glucose</th>\n",
       "    </tr>\n",
       "    <tr>\n",
       "      <th>TenYearCHD</th>\n",
       "      <th></th>\n",
       "      <th></th>\n",
       "      <th></th>\n",
       "      <th></th>\n",
       "      <th></th>\n",
       "      <th></th>\n",
       "      <th></th>\n",
       "      <th></th>\n",
       "      <th></th>\n",
       "      <th></th>\n",
       "      <th></th>\n",
       "      <th></th>\n",
       "      <th></th>\n",
       "      <th></th>\n",
       "      <th></th>\n",
       "      <th></th>\n",
       "    </tr>\n",
       "  </thead>\n",
       "  <tbody>\n",
       "    <tr>\n",
       "      <th rowspan=\"15\" valign=\"top\">0</th>\n",
       "      <th>male</th>\n",
       "      <td>1.000000</td>\n",
       "      <td>-0.037995</td>\n",
       "      <td>0.013328</td>\n",
       "      <td>0.190256</td>\n",
       "      <td>0.322927</td>\n",
       "      <td>-0.048752</td>\n",
       "      <td>-0.005220</td>\n",
       "      <td>0.003986</td>\n",
       "      <td>0.003854</td>\n",
       "      <td>-0.069778</td>\n",
       "      <td>-0.050383</td>\n",
       "      <td>0.052784</td>\n",
       "      <td>0.093784</td>\n",
       "      <td>-0.126213</td>\n",
       "      <td>-0.004036</td>\n",
       "    </tr>\n",
       "    <tr>\n",
       "      <th>age</th>\n",
       "      <td>-0.037995</td>\n",
       "      <td>1.000000</td>\n",
       "      <td>-0.156522</td>\n",
       "      <td>-0.208780</td>\n",
       "      <td>-0.201321</td>\n",
       "      <td>0.122244</td>\n",
       "      <td>0.032665</td>\n",
       "      <td>0.279358</td>\n",
       "      <td>0.101203</td>\n",
       "      <td>0.289349</td>\n",
       "      <td>0.368465</td>\n",
       "      <td>0.204152</td>\n",
       "      <td>0.134924</td>\n",
       "      <td>-0.005453</td>\n",
       "      <td>0.101900</td>\n",
       "    </tr>\n",
       "    <tr>\n",
       "      <th>education</th>\n",
       "      <td>0.013328</td>\n",
       "      <td>-0.156522</td>\n",
       "      <td>1.000000</td>\n",
       "      <td>0.029356</td>\n",
       "      <td>0.012443</td>\n",
       "      <td>-0.013629</td>\n",
       "      <td>-0.015187</td>\n",
       "      <td>-0.074067</td>\n",
       "      <td>-0.027814</td>\n",
       "      <td>-0.028915</td>\n",
       "      <td>-0.127588</td>\n",
       "      <td>-0.067671</td>\n",
       "      <td>-0.138811</td>\n",
       "      <td>-0.065866</td>\n",
       "      <td>-0.030287</td>\n",
       "    </tr>\n",
       "    <tr>\n",
       "      <th>currentSmoker</th>\n",
       "      <td>0.190256</td>\n",
       "      <td>-0.208780</td>\n",
       "      <td>0.029356</td>\n",
       "      <td>1.000000</td>\n",
       "      <td>0.770615</td>\n",
       "      <td>-0.037586</td>\n",
       "      <td>-0.042993</td>\n",
       "      <td>-0.099830</td>\n",
       "      <td>-0.031952</td>\n",
       "      <td>-0.047442</td>\n",
       "      <td>-0.136679</td>\n",
       "      <td>-0.123509</td>\n",
       "      <td>-0.167375</td>\n",
       "      <td>0.042152</td>\n",
       "      <td>-0.055153</td>\n",
       "    </tr>\n",
       "    <tr>\n",
       "      <th>cigsPerDay</th>\n",
       "      <td>0.322927</td>\n",
       "      <td>-0.201321</td>\n",
       "      <td>0.012443</td>\n",
       "      <td>0.770615</td>\n",
       "      <td>1.000000</td>\n",
       "      <td>-0.031996</td>\n",
       "      <td>-0.033614</td>\n",
       "      <td>-0.065679</td>\n",
       "      <td>-0.031517</td>\n",
       "      <td>-0.028764</td>\n",
       "      <td>-0.101744</td>\n",
       "      <td>-0.057145</td>\n",
       "      <td>-0.087520</td>\n",
       "      <td>0.050344</td>\n",
       "      <td>-0.068783</td>\n",
       "    </tr>\n",
       "    <tr>\n",
       "      <th>BPMeds</th>\n",
       "      <td>-0.048752</td>\n",
       "      <td>0.122244</td>\n",
       "      <td>-0.013629</td>\n",
       "      <td>-0.037586</td>\n",
       "      <td>-0.031996</td>\n",
       "      <td>1.000000</td>\n",
       "      <td>0.153363</td>\n",
       "      <td>0.253210</td>\n",
       "      <td>0.007026</td>\n",
       "      <td>0.080330</td>\n",
       "      <td>0.243538</td>\n",
       "      <td>0.187985</td>\n",
       "      <td>0.117733</td>\n",
       "      <td>-0.015271</td>\n",
       "      <td>-0.007368</td>\n",
       "    </tr>\n",
       "    <tr>\n",
       "      <th>prevalentStroke</th>\n",
       "      <td>-0.005220</td>\n",
       "      <td>0.032665</td>\n",
       "      <td>-0.015187</td>\n",
       "      <td>-0.042993</td>\n",
       "      <td>-0.033614</td>\n",
       "      <td>0.153363</td>\n",
       "      <td>1.000000</td>\n",
       "      <td>0.049253</td>\n",
       "      <td>-0.009419</td>\n",
       "      <td>0.012998</td>\n",
       "      <td>0.052784</td>\n",
       "      <td>0.047175</td>\n",
       "      <td>0.038112</td>\n",
       "      <td>-0.033892</td>\n",
       "      <td>0.009130</td>\n",
       "    </tr>\n",
       "    <tr>\n",
       "      <th>prevalentHyp</th>\n",
       "      <td>0.003986</td>\n",
       "      <td>0.279358</td>\n",
       "      <td>-0.074067</td>\n",
       "      <td>-0.099830</td>\n",
       "      <td>-0.065679</td>\n",
       "      <td>0.253210</td>\n",
       "      <td>0.049253</td>\n",
       "      <td>1.000000</td>\n",
       "      <td>0.062579</td>\n",
       "      <td>0.168673</td>\n",
       "      <td>0.689398</td>\n",
       "      <td>0.617644</td>\n",
       "      <td>0.306306</td>\n",
       "      <td>0.139004</td>\n",
       "      <td>0.056504</td>\n",
       "    </tr>\n",
       "    <tr>\n",
       "      <th>diabetes</th>\n",
       "      <td>0.003854</td>\n",
       "      <td>0.101203</td>\n",
       "      <td>-0.027814</td>\n",
       "      <td>-0.031952</td>\n",
       "      <td>-0.031517</td>\n",
       "      <td>0.007026</td>\n",
       "      <td>-0.009419</td>\n",
       "      <td>0.062579</td>\n",
       "      <td>1.000000</td>\n",
       "      <td>0.027962</td>\n",
       "      <td>0.094461</td>\n",
       "      <td>0.042297</td>\n",
       "      <td>0.079187</td>\n",
       "      <td>0.050092</td>\n",
       "      <td>0.515629</td>\n",
       "    </tr>\n",
       "    <tr>\n",
       "      <th>totChol</th>\n",
       "      <td>-0.069778</td>\n",
       "      <td>0.289349</td>\n",
       "      <td>-0.028915</td>\n",
       "      <td>-0.047442</td>\n",
       "      <td>-0.028764</td>\n",
       "      <td>0.080330</td>\n",
       "      <td>0.012998</td>\n",
       "      <td>0.168673</td>\n",
       "      <td>0.027962</td>\n",
       "      <td>1.000000</td>\n",
       "      <td>0.225484</td>\n",
       "      <td>0.184853</td>\n",
       "      <td>0.124199</td>\n",
       "      <td>0.098382</td>\n",
       "      <td>0.016934</td>\n",
       "    </tr>\n",
       "    <tr>\n",
       "      <th>sysBP</th>\n",
       "      <td>-0.050383</td>\n",
       "      <td>0.368465</td>\n",
       "      <td>-0.127588</td>\n",
       "      <td>-0.136679</td>\n",
       "      <td>-0.101744</td>\n",
       "      <td>0.243538</td>\n",
       "      <td>0.052784</td>\n",
       "      <td>0.689398</td>\n",
       "      <td>0.094461</td>\n",
       "      <td>0.225484</td>\n",
       "      <td>1.000000</td>\n",
       "      <td>0.785046</td>\n",
       "      <td>0.336944</td>\n",
       "      <td>0.193360</td>\n",
       "      <td>0.109922</td>\n",
       "    </tr>\n",
       "    <tr>\n",
       "      <th>diaBP</th>\n",
       "      <td>0.052784</td>\n",
       "      <td>0.204152</td>\n",
       "      <td>-0.067671</td>\n",
       "      <td>-0.123509</td>\n",
       "      <td>-0.057145</td>\n",
       "      <td>0.187985</td>\n",
       "      <td>0.047175</td>\n",
       "      <td>0.617644</td>\n",
       "      <td>0.042297</td>\n",
       "      <td>0.184853</td>\n",
       "      <td>0.785046</td>\n",
       "      <td>1.000000</td>\n",
       "      <td>0.390812</td>\n",
       "      <td>0.181440</td>\n",
       "      <td>0.046344</td>\n",
       "    </tr>\n",
       "    <tr>\n",
       "      <th>BMI</th>\n",
       "      <td>0.093784</td>\n",
       "      <td>0.134924</td>\n",
       "      <td>-0.138811</td>\n",
       "      <td>-0.167375</td>\n",
       "      <td>-0.087520</td>\n",
       "      <td>0.117733</td>\n",
       "      <td>0.038112</td>\n",
       "      <td>0.306306</td>\n",
       "      <td>0.079187</td>\n",
       "      <td>0.124199</td>\n",
       "      <td>0.336944</td>\n",
       "      <td>0.390812</td>\n",
       "      <td>1.000000</td>\n",
       "      <td>0.062499</td>\n",
       "      <td>0.073144</td>\n",
       "    </tr>\n",
       "    <tr>\n",
       "      <th>heartRate</th>\n",
       "      <td>-0.126213</td>\n",
       "      <td>-0.005453</td>\n",
       "      <td>-0.065866</td>\n",
       "      <td>0.042152</td>\n",
       "      <td>0.050344</td>\n",
       "      <td>-0.015271</td>\n",
       "      <td>-0.033892</td>\n",
       "      <td>0.139004</td>\n",
       "      <td>0.050092</td>\n",
       "      <td>0.098382</td>\n",
       "      <td>0.193360</td>\n",
       "      <td>0.181440</td>\n",
       "      <td>0.062499</td>\n",
       "      <td>1.000000</td>\n",
       "      <td>0.104330</td>\n",
       "    </tr>\n",
       "    <tr>\n",
       "      <th>glucose</th>\n",
       "      <td>-0.004036</td>\n",
       "      <td>0.101900</td>\n",
       "      <td>-0.030287</td>\n",
       "      <td>-0.055153</td>\n",
       "      <td>-0.068783</td>\n",
       "      <td>-0.007368</td>\n",
       "      <td>0.009130</td>\n",
       "      <td>0.056504</td>\n",
       "      <td>0.515629</td>\n",
       "      <td>0.016934</td>\n",
       "      <td>0.109922</td>\n",
       "      <td>0.046344</td>\n",
       "      <td>0.073144</td>\n",
       "      <td>0.104330</td>\n",
       "      <td>1.000000</td>\n",
       "    </tr>\n",
       "    <tr>\n",
       "      <th rowspan=\"15\" valign=\"top\">1</th>\n",
       "      <th>male</th>\n",
       "      <td>1.000000</td>\n",
       "      <td>-0.101904</td>\n",
       "      <td>0.080395</td>\n",
       "      <td>0.288251</td>\n",
       "      <td>0.350819</td>\n",
       "      <td>-0.107163</td>\n",
       "      <td>-0.012418</td>\n",
       "      <td>-0.112147</td>\n",
       "      <td>0.010548</td>\n",
       "      <td>-0.127026</td>\n",
       "      <td>-0.142647</td>\n",
       "      <td>-0.021705</td>\n",
       "      <td>-0.068325</td>\n",
       "      <td>-0.071223</td>\n",
       "      <td>-0.021249</td>\n",
       "    </tr>\n",
       "    <tr>\n",
       "      <th>age</th>\n",
       "      <td>-0.101904</td>\n",
       "      <td>1.000000</td>\n",
       "      <td>-0.106499</td>\n",
       "      <td>-0.295651</td>\n",
       "      <td>-0.242125</td>\n",
       "      <td>0.114394</td>\n",
       "      <td>0.073270</td>\n",
       "      <td>0.260844</td>\n",
       "      <td>0.064170</td>\n",
       "      <td>0.078767</td>\n",
       "      <td>0.308960</td>\n",
       "      <td>0.075911</td>\n",
       "      <td>0.057758</td>\n",
       "      <td>-0.020910</td>\n",
       "      <td>0.091433</td>\n",
       "    </tr>\n",
       "    <tr>\n",
       "      <th>education</th>\n",
       "      <td>0.080395</td>\n",
       "      <td>-0.106499</td>\n",
       "      <td>1.000000</td>\n",
       "      <td>0.010894</td>\n",
       "      <td>0.040727</td>\n",
       "      <td>0.009650</td>\n",
       "      <td>-0.067784</td>\n",
       "      <td>-0.042075</td>\n",
       "      <td>-0.057301</td>\n",
       "      <td>0.096077</td>\n",
       "      <td>-0.057088</td>\n",
       "      <td>0.029803</td>\n",
       "      <td>-0.106030</td>\n",
       "      <td>-0.047791</td>\n",
       "      <td>-0.014591</td>\n",
       "    </tr>\n",
       "    <tr>\n",
       "      <th>currentSmoker</th>\n",
       "      <td>0.288251</td>\n",
       "      <td>-0.295651</td>\n",
       "      <td>0.010894</td>\n",
       "      <td>1.000000</td>\n",
       "      <td>0.794715</td>\n",
       "      <td>-0.114397</td>\n",
       "      <td>-0.033005</td>\n",
       "      <td>-0.181874</td>\n",
       "      <td>-0.087448</td>\n",
       "      <td>-0.080974</td>\n",
       "      <td>-0.170454</td>\n",
       "      <td>-0.108613</td>\n",
       "      <td>-0.136593</td>\n",
       "      <td>0.096074</td>\n",
       "      <td>-0.070051</td>\n",
       "    </tr>\n",
       "    <tr>\n",
       "      <th>cigsPerDay</th>\n",
       "      <td>0.350819</td>\n",
       "      <td>-0.242125</td>\n",
       "      <td>0.040727</td>\n",
       "      <td>0.794715</td>\n",
       "      <td>1.000000</td>\n",
       "      <td>-0.114667</td>\n",
       "      <td>-0.057237</td>\n",
       "      <td>-0.152279</td>\n",
       "      <td>-0.076370</td>\n",
       "      <td>-0.065059</td>\n",
       "      <td>-0.139513</td>\n",
       "      <td>-0.098718</td>\n",
       "      <td>-0.112514</td>\n",
       "      <td>0.126621</td>\n",
       "      <td>-0.050637</td>\n",
       "    </tr>\n",
       "    <tr>\n",
       "      <th>BPMeds</th>\n",
       "      <td>-0.107163</td>\n",
       "      <td>0.114394</td>\n",
       "      <td>0.009650</td>\n",
       "      <td>-0.114397</td>\n",
       "      <td>-0.114667</td>\n",
       "      <td>1.000000</td>\n",
       "      <td>0.028393</td>\n",
       "      <td>0.261530</td>\n",
       "      <td>0.109181</td>\n",
       "      <td>0.110477</td>\n",
       "      <td>0.302829</td>\n",
       "      <td>0.196529</td>\n",
       "      <td>0.047855</td>\n",
       "      <td>0.100742</td>\n",
       "      <td>0.126834</td>\n",
       "    </tr>\n",
       "    <tr>\n",
       "      <th>prevalentStroke</th>\n",
       "      <td>-0.012418</td>\n",
       "      <td>0.073270</td>\n",
       "      <td>-0.067784</td>\n",
       "      <td>-0.033005</td>\n",
       "      <td>-0.057237</td>\n",
       "      <td>0.028393</td>\n",
       "      <td>1.000000</td>\n",
       "      <td>0.088169</td>\n",
       "      <td>0.030923</td>\n",
       "      <td>-0.003375</td>\n",
       "      <td>0.051050</td>\n",
       "      <td>0.056365</td>\n",
       "      <td>0.021004</td>\n",
       "      <td>0.026763</td>\n",
       "      <td>0.011901</td>\n",
       "    </tr>\n",
       "    <tr>\n",
       "      <th>prevalentHyp</th>\n",
       "      <td>-0.112147</td>\n",
       "      <td>0.260844</td>\n",
       "      <td>-0.042075</td>\n",
       "      <td>-0.181874</td>\n",
       "      <td>-0.152279</td>\n",
       "      <td>0.261530</td>\n",
       "      <td>0.088169</td>\n",
       "      <td>1.000000</td>\n",
       "      <td>0.076282</td>\n",
       "      <td>0.084820</td>\n",
       "      <td>0.678677</td>\n",
       "      <td>0.570984</td>\n",
       "      <td>0.239669</td>\n",
       "      <td>0.178168</td>\n",
       "      <td>0.099324</td>\n",
       "    </tr>\n",
       "    <tr>\n",
       "      <th>diabetes</th>\n",
       "      <td>0.010548</td>\n",
       "      <td>0.064170</td>\n",
       "      <td>-0.057301</td>\n",
       "      <td>-0.087448</td>\n",
       "      <td>-0.076370</td>\n",
       "      <td>0.109181</td>\n",
       "      <td>0.030923</td>\n",
       "      <td>0.076282</td>\n",
       "      <td>1.000000</td>\n",
       "      <td>0.078704</td>\n",
       "      <td>0.060868</td>\n",
       "      <td>0.025442</td>\n",
       "      <td>0.095037</td>\n",
       "      <td>0.095222</td>\n",
       "      <td>0.765148</td>\n",
       "    </tr>\n",
       "    <tr>\n",
       "      <th>totChol</th>\n",
       "      <td>-0.127026</td>\n",
       "      <td>0.078767</td>\n",
       "      <td>0.096077</td>\n",
       "      <td>-0.080974</td>\n",
       "      <td>-0.065059</td>\n",
       "      <td>0.110477</td>\n",
       "      <td>-0.003375</td>\n",
       "      <td>0.084820</td>\n",
       "      <td>0.078704</td>\n",
       "      <td>1.000000</td>\n",
       "      <td>0.132897</td>\n",
       "      <td>0.079798</td>\n",
       "      <td>0.071725</td>\n",
       "      <td>0.058693</td>\n",
       "      <td>0.096797</td>\n",
       "    </tr>\n",
       "    <tr>\n",
       "      <th>sysBP</th>\n",
       "      <td>-0.142647</td>\n",
       "      <td>0.308960</td>\n",
       "      <td>-0.057088</td>\n",
       "      <td>-0.170454</td>\n",
       "      <td>-0.139513</td>\n",
       "      <td>0.302829</td>\n",
       "      <td>0.051050</td>\n",
       "      <td>0.678677</td>\n",
       "      <td>0.060868</td>\n",
       "      <td>0.132897</td>\n",
       "      <td>1.000000</td>\n",
       "      <td>0.770173</td>\n",
       "      <td>0.268380</td>\n",
       "      <td>0.154991</td>\n",
       "      <td>0.121851</td>\n",
       "    </tr>\n",
       "    <tr>\n",
       "      <th>diaBP</th>\n",
       "      <td>-0.021705</td>\n",
       "      <td>0.075911</td>\n",
       "      <td>0.029803</td>\n",
       "      <td>-0.108613</td>\n",
       "      <td>-0.098718</td>\n",
       "      <td>0.196529</td>\n",
       "      <td>0.056365</td>\n",
       "      <td>0.570984</td>\n",
       "      <td>0.025442</td>\n",
       "      <td>0.079798</td>\n",
       "      <td>0.770173</td>\n",
       "      <td>1.000000</td>\n",
       "      <td>0.333324</td>\n",
       "      <td>0.165293</td>\n",
       "      <td>0.049739</td>\n",
       "    </tr>\n",
       "    <tr>\n",
       "      <th>BMI</th>\n",
       "      <td>-0.068325</td>\n",
       "      <td>0.057758</td>\n",
       "      <td>-0.106030</td>\n",
       "      <td>-0.136593</td>\n",
       "      <td>-0.112514</td>\n",
       "      <td>0.047855</td>\n",
       "      <td>0.021004</td>\n",
       "      <td>0.239669</td>\n",
       "      <td>0.095037</td>\n",
       "      <td>0.071725</td>\n",
       "      <td>0.268380</td>\n",
       "      <td>0.333324</td>\n",
       "      <td>1.000000</td>\n",
       "      <td>0.122354</td>\n",
       "      <td>0.087928</td>\n",
       "    </tr>\n",
       "    <tr>\n",
       "      <th>heartRate</th>\n",
       "      <td>-0.071223</td>\n",
       "      <td>-0.020910</td>\n",
       "      <td>-0.047791</td>\n",
       "      <td>0.096074</td>\n",
       "      <td>0.126621</td>\n",
       "      <td>0.100742</td>\n",
       "      <td>0.026763</td>\n",
       "      <td>0.178168</td>\n",
       "      <td>0.095222</td>\n",
       "      <td>0.058693</td>\n",
       "      <td>0.154991</td>\n",
       "      <td>0.165293</td>\n",
       "      <td>0.122354</td>\n",
       "      <td>1.000000</td>\n",
       "      <td>0.091292</td>\n",
       "    </tr>\n",
       "    <tr>\n",
       "      <th>glucose</th>\n",
       "      <td>-0.021249</td>\n",
       "      <td>0.091433</td>\n",
       "      <td>-0.014591</td>\n",
       "      <td>-0.070051</td>\n",
       "      <td>-0.050637</td>\n",
       "      <td>0.126834</td>\n",
       "      <td>0.011901</td>\n",
       "      <td>0.099324</td>\n",
       "      <td>0.765148</td>\n",
       "      <td>0.096797</td>\n",
       "      <td>0.121851</td>\n",
       "      <td>0.049739</td>\n",
       "      <td>0.087928</td>\n",
       "      <td>0.091292</td>\n",
       "      <td>1.000000</td>\n",
       "    </tr>\n",
       "  </tbody>\n",
       "</table>\n",
       "</div>"
      ],
      "text/plain": [
       "                                male       age  education  currentSmoker  \\\n",
       "TenYearCHD                                                                 \n",
       "0          male             1.000000 -0.037995   0.013328       0.190256   \n",
       "           age             -0.037995  1.000000  -0.156522      -0.208780   \n",
       "           education        0.013328 -0.156522   1.000000       0.029356   \n",
       "           currentSmoker    0.190256 -0.208780   0.029356       1.000000   \n",
       "           cigsPerDay       0.322927 -0.201321   0.012443       0.770615   \n",
       "           BPMeds          -0.048752  0.122244  -0.013629      -0.037586   \n",
       "           prevalentStroke -0.005220  0.032665  -0.015187      -0.042993   \n",
       "           prevalentHyp     0.003986  0.279358  -0.074067      -0.099830   \n",
       "           diabetes         0.003854  0.101203  -0.027814      -0.031952   \n",
       "           totChol         -0.069778  0.289349  -0.028915      -0.047442   \n",
       "           sysBP           -0.050383  0.368465  -0.127588      -0.136679   \n",
       "           diaBP            0.052784  0.204152  -0.067671      -0.123509   \n",
       "           BMI              0.093784  0.134924  -0.138811      -0.167375   \n",
       "           heartRate       -0.126213 -0.005453  -0.065866       0.042152   \n",
       "           glucose         -0.004036  0.101900  -0.030287      -0.055153   \n",
       "1          male             1.000000 -0.101904   0.080395       0.288251   \n",
       "           age             -0.101904  1.000000  -0.106499      -0.295651   \n",
       "           education        0.080395 -0.106499   1.000000       0.010894   \n",
       "           currentSmoker    0.288251 -0.295651   0.010894       1.000000   \n",
       "           cigsPerDay       0.350819 -0.242125   0.040727       0.794715   \n",
       "           BPMeds          -0.107163  0.114394   0.009650      -0.114397   \n",
       "           prevalentStroke -0.012418  0.073270  -0.067784      -0.033005   \n",
       "           prevalentHyp    -0.112147  0.260844  -0.042075      -0.181874   \n",
       "           diabetes         0.010548  0.064170  -0.057301      -0.087448   \n",
       "           totChol         -0.127026  0.078767   0.096077      -0.080974   \n",
       "           sysBP           -0.142647  0.308960  -0.057088      -0.170454   \n",
       "           diaBP           -0.021705  0.075911   0.029803      -0.108613   \n",
       "           BMI             -0.068325  0.057758  -0.106030      -0.136593   \n",
       "           heartRate       -0.071223 -0.020910  -0.047791       0.096074   \n",
       "           glucose         -0.021249  0.091433  -0.014591      -0.070051   \n",
       "\n",
       "                            cigsPerDay    BPMeds  prevalentStroke  \\\n",
       "TenYearCHD                                                          \n",
       "0          male               0.322927 -0.048752        -0.005220   \n",
       "           age               -0.201321  0.122244         0.032665   \n",
       "           education          0.012443 -0.013629        -0.015187   \n",
       "           currentSmoker      0.770615 -0.037586        -0.042993   \n",
       "           cigsPerDay         1.000000 -0.031996        -0.033614   \n",
       "           BPMeds            -0.031996  1.000000         0.153363   \n",
       "           prevalentStroke   -0.033614  0.153363         1.000000   \n",
       "           prevalentHyp      -0.065679  0.253210         0.049253   \n",
       "           diabetes          -0.031517  0.007026        -0.009419   \n",
       "           totChol           -0.028764  0.080330         0.012998   \n",
       "           sysBP             -0.101744  0.243538         0.052784   \n",
       "           diaBP             -0.057145  0.187985         0.047175   \n",
       "           BMI               -0.087520  0.117733         0.038112   \n",
       "           heartRate          0.050344 -0.015271        -0.033892   \n",
       "           glucose           -0.068783 -0.007368         0.009130   \n",
       "1          male               0.350819 -0.107163        -0.012418   \n",
       "           age               -0.242125  0.114394         0.073270   \n",
       "           education          0.040727  0.009650        -0.067784   \n",
       "           currentSmoker      0.794715 -0.114397        -0.033005   \n",
       "           cigsPerDay         1.000000 -0.114667        -0.057237   \n",
       "           BPMeds            -0.114667  1.000000         0.028393   \n",
       "           prevalentStroke   -0.057237  0.028393         1.000000   \n",
       "           prevalentHyp      -0.152279  0.261530         0.088169   \n",
       "           diabetes          -0.076370  0.109181         0.030923   \n",
       "           totChol           -0.065059  0.110477        -0.003375   \n",
       "           sysBP             -0.139513  0.302829         0.051050   \n",
       "           diaBP             -0.098718  0.196529         0.056365   \n",
       "           BMI               -0.112514  0.047855         0.021004   \n",
       "           heartRate          0.126621  0.100742         0.026763   \n",
       "           glucose           -0.050637  0.126834         0.011901   \n",
       "\n",
       "                            prevalentHyp  diabetes   totChol     sysBP  \\\n",
       "TenYearCHD                                                               \n",
       "0          male                 0.003986  0.003854 -0.069778 -0.050383   \n",
       "           age                  0.279358  0.101203  0.289349  0.368465   \n",
       "           education           -0.074067 -0.027814 -0.028915 -0.127588   \n",
       "           currentSmoker       -0.099830 -0.031952 -0.047442 -0.136679   \n",
       "           cigsPerDay          -0.065679 -0.031517 -0.028764 -0.101744   \n",
       "           BPMeds               0.253210  0.007026  0.080330  0.243538   \n",
       "           prevalentStroke      0.049253 -0.009419  0.012998  0.052784   \n",
       "           prevalentHyp         1.000000  0.062579  0.168673  0.689398   \n",
       "           diabetes             0.062579  1.000000  0.027962  0.094461   \n",
       "           totChol              0.168673  0.027962  1.000000  0.225484   \n",
       "           sysBP                0.689398  0.094461  0.225484  1.000000   \n",
       "           diaBP                0.617644  0.042297  0.184853  0.785046   \n",
       "           BMI                  0.306306  0.079187  0.124199  0.336944   \n",
       "           heartRate            0.139004  0.050092  0.098382  0.193360   \n",
       "           glucose              0.056504  0.515629  0.016934  0.109922   \n",
       "1          male                -0.112147  0.010548 -0.127026 -0.142647   \n",
       "           age                  0.260844  0.064170  0.078767  0.308960   \n",
       "           education           -0.042075 -0.057301  0.096077 -0.057088   \n",
       "           currentSmoker       -0.181874 -0.087448 -0.080974 -0.170454   \n",
       "           cigsPerDay          -0.152279 -0.076370 -0.065059 -0.139513   \n",
       "           BPMeds               0.261530  0.109181  0.110477  0.302829   \n",
       "           prevalentStroke      0.088169  0.030923 -0.003375  0.051050   \n",
       "           prevalentHyp         1.000000  0.076282  0.084820  0.678677   \n",
       "           diabetes             0.076282  1.000000  0.078704  0.060868   \n",
       "           totChol              0.084820  0.078704  1.000000  0.132897   \n",
       "           sysBP                0.678677  0.060868  0.132897  1.000000   \n",
       "           diaBP                0.570984  0.025442  0.079798  0.770173   \n",
       "           BMI                  0.239669  0.095037  0.071725  0.268380   \n",
       "           heartRate            0.178168  0.095222  0.058693  0.154991   \n",
       "           glucose              0.099324  0.765148  0.096797  0.121851   \n",
       "\n",
       "                               diaBP       BMI  heartRate   glucose  \n",
       "TenYearCHD                                                           \n",
       "0          male             0.052784  0.093784  -0.126213 -0.004036  \n",
       "           age              0.204152  0.134924  -0.005453  0.101900  \n",
       "           education       -0.067671 -0.138811  -0.065866 -0.030287  \n",
       "           currentSmoker   -0.123509 -0.167375   0.042152 -0.055153  \n",
       "           cigsPerDay      -0.057145 -0.087520   0.050344 -0.068783  \n",
       "           BPMeds           0.187985  0.117733  -0.015271 -0.007368  \n",
       "           prevalentStroke  0.047175  0.038112  -0.033892  0.009130  \n",
       "           prevalentHyp     0.617644  0.306306   0.139004  0.056504  \n",
       "           diabetes         0.042297  0.079187   0.050092  0.515629  \n",
       "           totChol          0.184853  0.124199   0.098382  0.016934  \n",
       "           sysBP            0.785046  0.336944   0.193360  0.109922  \n",
       "           diaBP            1.000000  0.390812   0.181440  0.046344  \n",
       "           BMI              0.390812  1.000000   0.062499  0.073144  \n",
       "           heartRate        0.181440  0.062499   1.000000  0.104330  \n",
       "           glucose          0.046344  0.073144   0.104330  1.000000  \n",
       "1          male            -0.021705 -0.068325  -0.071223 -0.021249  \n",
       "           age              0.075911  0.057758  -0.020910  0.091433  \n",
       "           education        0.029803 -0.106030  -0.047791 -0.014591  \n",
       "           currentSmoker   -0.108613 -0.136593   0.096074 -0.070051  \n",
       "           cigsPerDay      -0.098718 -0.112514   0.126621 -0.050637  \n",
       "           BPMeds           0.196529  0.047855   0.100742  0.126834  \n",
       "           prevalentStroke  0.056365  0.021004   0.026763  0.011901  \n",
       "           prevalentHyp     0.570984  0.239669   0.178168  0.099324  \n",
       "           diabetes         0.025442  0.095037   0.095222  0.765148  \n",
       "           totChol          0.079798  0.071725   0.058693  0.096797  \n",
       "           sysBP            0.770173  0.268380   0.154991  0.121851  \n",
       "           diaBP            1.000000  0.333324   0.165293  0.049739  \n",
       "           BMI              0.333324  1.000000   0.122354  0.087928  \n",
       "           heartRate        0.165293  0.122354   1.000000  0.091292  \n",
       "           glucose          0.049739  0.087928   0.091292  1.000000  "
      ]
     },
     "execution_count": 58,
     "metadata": {},
     "output_type": "execute_result"
    }
   ],
   "source": [
    "chd_group.corr()"
   ]
  },
  {
   "cell_type": "markdown",
   "metadata": {},
   "source": [
    "### Практика по доверительным интервалам"
   ]
  },
  {
   "cell_type": "markdown",
   "metadata": {},
   "source": [
    "Управляющий супермаркета хочет оценить, сколько денег покупатели тратят за один поход в супермаркет в среднем. На основании ранее собранных данных известно, что расходы одного покупателя распределены приблизительно нормально. Управляющий взял случайную выборку из 15 покупателей и выяснил, что их средние расходы равны 2000 рублей, а выборочное стандартное отклонение равно 400 рублей."
   ]
  },
  {
   "cell_type": "markdown",
   "metadata": {},
   "source": [
    "Для случая с известным значением σ предел погрешности и его интервалы:\n",
